Stop / sbottom mass (GeV) 	Cross section (pb) 	± Uncertainty
100 	2.046E+03 	4.61 %
105 	1.666E+03 	4.57 %
110 	1.365E+03 	4.53 %
115 	1.125E+03 	4.50 %
120 	9.327E+02 	4.47 %
125 	7.778E+02 	4.44 %
130 	6.523E+02 	4.41 %
135 	5.499E+02 	4.39 %
140 	4.660E+02 	4.36 %
145 	3.968E+02 	4.34 %
150 	3.395E+02 	4.32 %
155 	2.918E+02 	4.31 %
160 	2.519E+02 	4.29 %
165 	2.184E+02 	4.28 %
170 	1.900E+02 	4.27 %
175 	1.660E+02 	4.26 %
180 	1.455E+02 	4.25 %
185 	1.280E+02 	4.25 %
190 	1.130E+02 	4.24 %
195 	9.996E+01 	4.24 %
200 	8.871E+01 	4.24 %
205 	7.878E+01 	4.24 %
210 	7.014E+01 	4.25 %
215 	6.260E+01 	4.25 %
220 	5.600E+01 	4.26 %
225 	5.020E+01 	4.26 %
230 	4.510E+01 	4.27 %
235 	4.060E+01 	4.28 %
240 	3.662E+01 	4.29 %
245 	3.309E+01 	4.30 %
250 	2.995E+01 	4.31 %
255 	2.714E+01 	4.32 %
260 	2.463E+01 	4.34 %
265 	2.238E+01 	4.35 %
270 	2.037E+01 	4.37 %
275 	1.857E+01 	4.38 %
280 	1.696E+01 	4.40 %
285 	1.550E+01 	4.41 %
290 	1.419E+01 	4.43 %
295 	1.300E+01 	4.45 %
300 	1.193E+01 	4.46 %
305 	1.096E+01 	4.48 %
310 	1.008E+01 	4.49 %
315 	9.275E+00 	4.50 %
320 	8.546E+00 	4.51 %
325 	7.883E+00 	4.53 %
330 	7.279E+00 	4.54 %
335 	6.728E+00 	4.55 %
340 	6.224E+00 	4.57 %
345 	5.763E+00 	4.58 %
350 	5.342E+00 	4.60 %
355 	4.954E+00 	4.61 %
360 	4.599E+00 	4.63 %
365 	4.272E+00 	4.65 %
370 	3.972E+00 	4.67 %
375 	3.696E+00 	4.69 %
380 	3.442E+00 	4.71 %
385 	3.207E+00 	4.73 %
390 	2.991E+00 	4.75 %
395 	2.791E+00 	4.77 %
400 	2.607E+00 	4.79 %
405 	2.436E+00 	4.81 %
410 	2.277E+00 	4.83 %
415 	2.130E+00 	4.85 %
420 	1.994E+00 	4.87 %
425 	1.868E+00 	4.89 %
430 	1.751E+00 	4.92 %
435 	1.642E+00 	4.94 %
440 	1.541E+00 	4.96 %
445 	1.447E+00 	4.98 %
450 	1.359E+00 	5.01 %
455 	1.277E+00 	5.03 %
460 	1.201E+00 	5.05 %
465 	1.130E+00 	5.08 %
470 	1.064E+00 	5.10 %
475 	1.002E+00 	5.13 %
480 	9.442E-01 	5.15 %
485 	8.902E-01 	5.18 %
490 	8.396E-01 	5.20 %
495 	7.922E-01 	5.23 %
500 	7.479E-01 	5.25 %
505 	7.063E-01 	5.28 %
510 	6.672E-01 	5.31 %
515 	6.306E-01 	5.33 %
520 	5.963E-01 	5.36 %
525 	5.640E-01 	5.38 %
530 	5.337E-01 	5.41 %
535 	5.052E-01 	5.44 %
540 	4.785E-01 	5.46 %
545 	4.533E-01 	5.49 %
550 	4.296E-01 	5.52 %
555 	4.073E-01 	5.54 %
560 	3.863E-01 	5.57 %
565 	3.665E-01 	5.60 %
570 	3.478E-01 	5.63 %
575 	3.302E-01 	5.65 %
580 	3.136E-01 	5.68 %
585 	2.980E-01 	5.71 %
590 	2.832E-01 	5.74 %
595 	2.692E-01 	5.77 %
600 	2.560E-01 	5.79 %
605 	2.435E-01 	5.82 %
610 	2.316E-01 	5.85 %
615 	2.205E-01 	5.88 %
620 	2.099E-01 	5.91 %
625 	1.998E-01 	5.94 %
630 	1.904E-01 	5.97 %
635 	1.814E-01 	6.00 %
640 	1.729E-01 	6.03 %
645 	1.648E-01 	6.06 %
650 	1.571E-01 	6.10 %
655 	1.499E-01 	6.13 %
660 	1.430E-01 	6.16 %
665 	1.365E-01 	6.19 %
670 	1.303E-01 	6.22 %
675 	1.244E-01 	6.25 %
680 	1.188E-01 	6.28 %
685 	1.135E-01 	6.31 %
690 	1.084E-01 	6.34 %
695 	1.036E-01 	6.37 %
700 	9.905E-02 	6.40 %
705 	9.470E-02 	6.43 %
710 	9.056E-02 	6.46 %
715 	8.661E-02 	6.49 %
720 	8.286E-02 	6.51 %
725 	7.929E-02 	6.54 %
730 	7.589E-02 	6.57 %
735 	7.265E-02 	6.60 %
740 	6.956E-02 	6.62 %
745 	6.661E-02 	6.65 %
750 	6.381E-02 	6.68 %
755 	6.113E-02 	6.71 %
760 	5.858E-02 	6.74 %
765 	5.615E-02 	6.77 %
770 	5.382E-02 	6.80 %
775 	5.161E-02 	6.83 %
780 	4.949E-02 	6.86 %
785 	4.747E-02 	6.89 %
790 	4.554E-02 	6.92 %
795 	4.370E-02 	6.95 %
800 	4.193E-02 	6.98 %
805 	4.025E-02 	7.02 %
810 	3.864E-02 	7.05 %
815 	3.710E-02 	7.09 %
820 	3.562E-02 	7.13 %
825 	3.421E-02 	7.17 %
830 	3.287E-02 	7.21 %
835 	3.158E-02 	7.25 %
840 	3.034E-02 	7.29 %
845 	2.916E-02 	7.33 %
850 	2.803E-02 	7.37 %
855 	2.695E-02 	7.41 %
860 	2.591E-02 	7.45 %
865 	2.492E-02 	7.49 %
870 	2.397E-02 	7.53 %
875 	2.306E-02 	7.57 %
880 	2.218E-02 	7.61 %
885 	2.134E-02 	7.65 %
890 	2.054E-02 	7.69 %
895 	1.977E-02 	7.74 %
900 	1.903E-02 	7.78 %
905 	1.832E-02 	7.81 %
910 	1.764E-02 	7.85 %
915 	1.699E-02 	7.89 %
920 	1.636E-02 	7.93 %
925 	1.576E-02 	7.97 %
930 	1.518E-02 	8.01 %
935 	1.463E-02 	8.04 %
940 	1.410E-02 	8.08 %
945 	1.359E-02 	8.12 %
950 	1.310E-02 	8.16 %
955 	1.262E-02 	8.20 %
960 	1.217E-02 	8.24 %
965 	1.174E-02 	8.28 %
970 	1.132E-02 	8.32 %
975 	1.091E-02 	8.36 %
980 	1.053E-02 	8.40 %
985 	1.016E-02 	8.44 %
990 	9.798E-03 	8.48 %
995 	9.454E-03 	8.52 %
1000 	9.123E-03 	8.57 %
1005 	8.805E-03 	8.61 %
1010 	8.498E-03 	8.65 %
1015 	8.203E-03 	8.70 %
1020 	7.920E-03 	8.74 %
1025 	7.647E-03 	8.79 %
1030 	7.384E-03 	8.84 %
1035 	7.131E-03 	8.88 %
1040 	6.887E-03 	8.93 %
1045 	6.652E-03 	8.98 %
1050 	6.426E-03 	9.02 %
1055 	6.209E-03 	9.07 %
1060 	5.999E-03 	9.12 %
1065 	5.797E-03 	9.17 %
1070 	5.602E-03 	9.22 %
1075 	5.414E-03 	9.27 %
1080 	5.233E-03 	9.32 %
1085 	5.059E-03 	9.38 %
1090 	4.891E-03 	9.43 %
1095 	4.729E-03 	9.48 %
1100 	4.572E-03 	9.53 %
1105 	4.421E-03 	9.59 %
1110 	4.276E-03 	9.65 %
1115 	4.135E-03 	9.71 %
1120 	4.000E-03 	9.77 %
1125 	3.869E-03 	9.83 %
1130 	3.743E-03 	9.89 %
1135 	3.621E-03 	9.95 %
1140 	3.503E-03 	10.01 %
1145 	3.390E-03 	10.07 %
1150 	3.281E-03 	10.13 %
1155 	3.175E-03 	10.19 %
1160 	3.073E-03 	10.25 %
1165 	2.975E-03 	10.32 %
1170 	2.879E-03 	10.38 %
1175 	2.788E-03 	10.44 %
1180 	2.699E-03 	10.50 %
1185 	2.613E-03 	10.57 %
1190 	2.531E-03 	10.63 %
1195 	2.451E-03 	10.69 %
1200 	2.373E-03 	10.76 %
1205 	2.299E-03 	10.82 %
1210 	2.227E-03 	10.87 %
1215 	2.157E-03 	10.93 %
1220 	2.090E-03 	10.99 %
1225 	2.025E-03 	11.05 %
1230 	1.962E-03 	11.11 %
1235 	1.901E-03 	11.17 %
1240 	1.842E-03 	11.23 %
1245 	1.785E-03 	11.29 %
1250 	1.731E-03 	11.35 %
1255 	1.677E-03 	11.41 %
1260 	1.626E-03 	11.48 %
1265 	1.576E-03 	11.54 %
1270 	1.528E-03 	11.60 %
1275 	1.482E-03 	11.67 %
1280 	1.437E-03 	11.73 %
1285 	1.393E-03 	11.80 %
1290 	1.351E-03 	11.86 %
1295 	1.310E-03 	11.93 %
1300 	1.271E-03 	12.00 %
1305 	1.232E-03 	12.07 %
1310 	1.195E-03 	12.14 %
1315 	1.160E-03 	12.21 %
1320 	1.125E-03 	12.29 %
1325 	1.091E-03 	12.36 %
1330 	1.059E-03 	12.44 %
1335 	1.027E-03 	12.52 %
1340 	9.969E-04 	12.59 %
1345 	9.673E-04 	12.67 %
1350 	9.387E-04 	12.75 %
1355 	9.111E-04 	12.83 %
1360 	8.842E-04 	12.91 %
1365 	8.582E-04 	13.00 %
1370 	8.331E-04 	13.08 %
1375 	8.087E-04 	13.16 %
1380 	7.850E-04 	13.25 %
1385 	7.621E-04 	13.33 %
1390 	7.399E-04 	13.42 %
1395 	7.184E-04 	13.50 %
1400 	6.976E-04 	13.59 %
1405 	6.774E-04 	13.68 %
1410 	6.578E-04 	13.77 %
1415 	6.388E-04 	13.86 %
1420 	6.204E-04 	13.95 %
1425 	6.025E-04 	14.04 %
1430 	5.852E-04 	14.14 %
1435 	5.684E-04 	14.23 %
1440 	5.522E-04 	14.32 %
1445 	5.364E-04 	14.42 %
1450 	5.211E-04 	14.51 %
1455 	5.063E-04 	14.61 %
1460 	4.919E-04 	14.71 %
1465 	4.779E-04 	14.81 %
1470 	4.644E-04 	14.90 %
1475 	4.512E-04 	15.00 %
1480 	4.385E-04 	15.10 %
1485 	4.261E-04 	15.20 %
1490 	4.141E-04 	15.31 %
1495 	4.025E-04 	15.41 %
1500 	3.912E-04 	15.51 %
1505 	3.803E-04 	15.61 %
1510 	3.696E-04 	15.72 %
1515 	3.593E-04 	15.82 %
1520 	3.493E-04 	15.92 %
1525 	3.396E-04 	16.03 %
1530 	3.302E-04 	16.13 %
1535 	3.210E-04 	16.24 %
1540 	3.121E-04 	16.35 %
1545 	3.035E-04 	16.45 %
1550 	2.951E-04 	16.56 %
1555 	2.870E-04 	16.67 %
1560 	2.791E-04 	16.78 %
1565 	2.714E-04 	16.89 %
1570 	2.640E-04 	17.00 %
1575 	2.568E-04 	17.12 %
1580 	2.498E-04 	17.23 %
1585 	2.429E-04 	17.35 %
1590 	2.363E-04 	17.46 %
1595 	2.299E-04 	17.58 %
1600 	2.236E-04 	17.70 %
1605 	2.176E-04 	17.82 %
1610 	2.117E-04 	17.94 %
1615 	2.059E-04 	18.06 %
1620 	2.004E-04 	18.18 %
1625 	1.950E-04 	18.30 %
1630 	1.897E-04 	18.43 %
1635 	1.846E-04 	18.56 %
1640 	1.796E-04 	18.68 %
1645 	1.748E-04 	18.81 %
1650 	1.701E-04 	18.94 %
1655 	1.656E-04 	19.07 %
1660 	1.612E-04 	19.20 %
1665 	1.569E-04 	19.33 %
1670 	1.527E-04 	19.46 %
1675 	1.486E-04 	19.60 %
1680 	1.447E-04 	19.73 %
1685 	1.408E-04 	19.87 %
1690 	1.371E-04 	20.01 %
1695 	1.335E-04 	20.15 %
1700 	1.299E-04 	20.29 %
1705 	1.265E-04 	20.43 %
1710 	1.232E-04 	20.57 %
1715 	1.199E-04 	20.71 %
1720 	1.168E-04 	20.85 %
1725 	1.137E-04 	20.99 %
1730 	1.107E-04 	21.14 %
1735 	1.078E-04 	21.28 %
1740 	1.050E-04 	21.43 %
1745 	1.022E-04 	21.58 %
1750 	9.956E-05 	21.73 %
1755 	9.697E-05 	21.88 %
1760 	9.444E-05 	22.04 %
1765 	9.198E-05 	22.19 %
1770 	8.959E-05 	22.35 %
1775 	8.727E-05 	22.51 %
1780 	8.500E-05 	22.66 %
1785 	8.280E-05 	22.83 %
1790 	8.066E-05 	22.99 %
1795 	7.857E-05 	23.15 %
1800 	7.654E-05 	23.32 %
1805 	7.457E-05 	23.49 %
1810 	7.265E-05 	23.66 %
1815 	7.078E-05 	23.84 %
1820 	6.896E-05 	24.02 %
1825 	6.718E-05 	24.20 %
1830 	6.546E-05 	24.38 %
1835 	6.378E-05 	24.56 %
1840 	6.215E-05 	24.74 %
1845 	6.056E-05 	24.93 %
1850 	5.901E-05 	25.11 %
1855 	5.751E-05 	25.30 %
1860 	5.604E-05 	25.49 %
1865 	5.461E-05 	25.68 %
1870 	5.322E-05 	25.87 %
1875 	5.187E-05 	26.06 %
1880 	5.055E-05 	26.25 %
1885 	4.927E-05 	26.45 %
1890 	4.803E-05 	26.64 %
1895 	4.681E-05 	26.84 %
1900 	4.563E-05 	27.04 %
1905 	4.448E-05 	27.23 %
1910 	4.336E-05 	27.42 %
1915 	4.227E-05 	27.61 %
1920 	4.120E-05 	27.81 %
1925 	4.017E-05 	28.00 %
1930 	3.916E-05 	28.20 %
1935 	3.818E-05 	28.40 %
1940 	3.723E-05 	28.60 %
1945 	3.629E-05 	28.80 %
1950 	3.539E-05 	29.00 %
1955 	3.451E-05 	29.21 %
1960 	3.365E-05 	29.41 %
1965 	3.281E-05 	29.62 %
1970 	3.199E-05 	29.83 %
1975 	3.120E-05 	30.04 %
1980 	3.042E-05 	30.25 %
1985 	2.967E-05 	30.46 %
1990 	2.893E-05 	30.68 %
1995 	2.822E-05 	30.89 %
2000 	2.752E-05 	31.11 %
2005 	2.684E-05 	31.34 %
2010 	2.618E-05 	31.57 %
2015 	2.553E-05 	31.80 %
2020 	2.491E-05 	32.03 %
2025 	2.429E-05 	32.27 %
2030 	2.370E-05 	32.50 %
2035 	2.312E-05 	32.74 %
2040 	2.255E-05 	32.98 %
2045 	2.200E-05 	33.22 %
2050 	2.146E-05 	33.47 %
2055 	2.093E-05 	33.71 %
2060 	2.042E-05 	33.96 %
2065 	1.992E-05 	34.21 %
2070 	1.944E-05 	34.46 %
2075 	1.896E-05 	34.71 %
2080 	1.850E-05 	34.96 %
2085 	1.805E-05 	35.22 %
2090 	1.761E-05 	35.48 %
2095 	1.718E-05 	35.74 %
2100 	1.677E-05 	36.00 %
2105 	1.636E-05 	36.26 %
2110 	1.596E-05 	36.52 %
2115 	1.557E-05 	36.78 %
2120 	1.520E-05 	37.04 %
2125 	1.483E-05 	37.30 %
2130 	1.447E-05 	37.57 %
2135 	1.412E-05 	37.84 %
2140 	1.378E-05 	38.11 %
2145 	1.345E-05 	38.38 %
2150 	1.312E-05 	38.65 %
2155 	1.281E-05 	38.93 %
2160 	1.250E-05 	39.21 %
2165 	1.220E-05 	39.49 %
2170 	1.190E-05 	39.77 %
2175 	1.162E-05 	40.06 %
2180 	1.134E-05 	40.35 %
2185 	1.107E-05 	40.64 %
2190 	1.080E-05 	40.93 %
2195 	1.054E-05 	41.22 %
2200 	1.029E-05 	41.52 %
2205 	1.004E-05 	41.83 %
2210 	9.803E-06 	42.14 %
2215 	9.569E-06 	42.45 %
2220 	9.341E-06 	42.76 %
2225 	9.118E-06 	43.08 %
2230 	8.901E-06 	43.39 %
2235 	8.689E-06 	43.72 %
2240 	8.483E-06 	44.04 %
2245 	8.281E-06 	44.37 %
2250 	8.084E-06 	44.69 %
2255 	7.892E-06 	45.03 %
2260 	7.705E-06 	45.36 %
2265 	7.523E-06 	45.69 %
2270 	7.345E-06 	46.03 %
2275 	7.171E-06 	46.37 %
2280 	7.001E-06 	46.72 %
2285 	6.836E-06 	47.06 %
2290 	6.674E-06 	47.41 %
2295 	6.516E-06 	47.76 %
2300 	6.363E-06 	48.11 %
2305 	6.213E-06 	48.46 %
2310 	6.066E-06 	48.81 %
2315 	5.923E-06 	49.17 %
2320 	5.783E-06 	49.53 %
2325 	5.647E-06 	49.89 %
2330 	5.514E-06 	50.25 %
2335 	5.385E-06 	50.62 %
2340 	5.258E-06 	50.98 %
2345 	5.134E-06 	51.35 %
2350 	5.014E-06 	51.73 %
2355 	4.896E-06 	52.10 %
2360 	4.781E-06 	52.48 %
2365 	4.669E-06 	52.85 %
2370 	4.560E-06 	53.23 %
2375 	4.453E-06 	53.62 %
2380 	4.349E-06 	54.00 %
2385 	4.247E-06 	54.39 %
2390 	4.148E-06 	54.78 %
2395 	4.051E-06 	55.17 %
2400 	3.957E-06 	55.56 %
2405 	3.865E-06 	55.96 %
2410 	3.775E-06 	56.36 %
2415 	3.687E-06 	56.76 %
2420 	3.601E-06 	57.16 %
2425 	3.517E-06 	57.56 %
2430 	3.436E-06 	57.97 %
2435 	3.356E-06 	58.38 %
2440 	3.278E-06 	58.79 %
2445 	3.202E-06 	59.20 %
2450 	3.128E-06 	59.62 %
2455 	3.055E-06 	60.04 %
2460 	2.985E-06 	60.46 %
2465 	2.915E-06 	60.88 %
2470 	2.848E-06 	61.31 %
2475 	2.782E-06 	61.74 %
2480 	2.718E-06 	62.17 %
2485 	2.655E-06 	62.60 %
2490 	2.594E-06 	63.04 %
2495 	2.534E-06 	63.48 %
2500 	2.476E-06 	63.92 %
2505 	2.419E-06 	64.36 %
2510 	2.363E-06 	64.80 %
2515 	2.309E-06 	65.25 %
2520 	2.255E-06 	65.70 %
2525 	2.204E-06 	66.15 %
2530 	2.153E-06 	66.60 %
2535 	2.103E-06 	67.06 %
2540 	2.055E-06 	67.52 %
2545 	2.008E-06 	67.99 %
2550 	1.962E-06 	68.45 %
2555 	1.917E-06 	68.92 %
2560 	1.873E-06 	69.40 %
2565 	1.830E-06 	69.88 %
2570 	1.788E-06 	70.36 %
2575 	1.747E-06 	70.84 %
2580 	1.707E-06 	71.33 %
2585 	1.668E-06 	71.83 %
2590 	1.630E-06 	72.33 %
2595 	1.593E-06 	72.83 %
2600 	1.556E-06 	73.33 %
2605 	1.521E-06 	73.86 %
2610 	1.486E-06 	74.38 %
2615 	1.452E-06 	74.91 %
2620 	1.419E-06 	75.45 %
2625 	1.387E-06 	75.99 %
2630 	1.355E-06 	76.53 %
2635 	1.324E-06 	77.07 %
2640 	1.294E-06 	77.62 %
2645 	1.265E-06 	78.17 %
2650 	1.236E-06 	78.73 %
2655 	1.208E-06 	79.29 %
2660 	1.180E-06 	79.85 %
2665 	1.153E-06 	80.42 %
2670 	1.127E-06 	80.98 %
2675 	1.102E-06 	81.55 %
2680 	1.077E-06 	82.13 %
2685 	1.052E-06 	82.70 %
2690 	1.028E-06 	83.28 %
2695 	1.005E-06 	83.86 %
2700 	9.821E-07 	84.44 %
2705 	9.598E-07 	85.02 %
2710 	9.380E-07 	85.59 %
2715 	9.167E-07 	86.17 %
2720 	8.959E-07 	86.75 %
2725 	8.756E-07 	87.33 %
2730 	8.557E-07 	87.91 %
2735 	8.363E-07 	88.50 %
2740 	8.173E-07 	89.09 %
2745 	7.988E-07 	89.68 %
2750 	7.807E-07 	90.28 %
2755 	7.630E-07 	90.87 %
2760 	7.458E-07 	91.47 %
2765 	7.289E-07 	92.08 %
2770 	7.124E-07 	92.69 %
2775 	6.963E-07 	93.30 %
2780 	6.805E-07 	93.91 %
2785 	6.651E-07 	94.53 %
2790 	6.501E-07 	95.15 %
2795 	6.354E-07 	95.77 %
2800 	6.211E-07 	96.40 %
2805 	6.071E-07 	97.02 %
2810 	5.934E-07 	97.65 %
2815 	5.801E-07 	98.28 %
2820 	5.670E-07 	98.92 %
2825 	5.543E-07 	99.56 %
2830 	5.418E-07 	100.21 %
2835 	5.296E-07 	100.86 %
2840 	5.177E-07 	101.51 %
2845 	5.061E-07 	102.17 %
2850 	4.947E-07 	102.84 %
2855 	4.836E-07 	103.51 %
2860 	4.728E-07 	104.19 %
2865 	4.622E-07 	104.87 %
2870 	4.518E-07 	105.56 %
2875 	4.417E-07 	106.25 %
2880 	4.318E-07 	106.95 %
2885 	4.221E-07 	107.66 %
2890 	4.127E-07 	108.37 %
2895 	4.034E-07 	109.09 %
2900 	3.944E-07 	109.82 %
2905 	3.855E-07 	110.55 %
2910 	3.769E-07 	111.29 %
2915 	3.685E-07 	112.04 %
2920 	3.602E-07 	112.79 %
2925 	3.522E-07 	113.56 %
2930 	3.443E-07 	114.33 %
2935 	3.366E-07 	115.11 %
2940 	3.290E-07 	115.89 %
2945 	3.217E-07 	116.69 %
2950 	3.145E-07 	117.49 %
2955 	3.074E-07 	118.31 %
2960 	3.005E-07 	119.13 %
2965 	2.938E-07 	119.96 %
2970 	2.872E-07 	120.80 %
2975 	2.808E-07 	121.65 %
2980 	2.745E-07 	122.51 %
2985 	2.684E-07 	123.37 %
2990 	2.624E-07 	124.25 %
2995 	2.565E-07 	125.14 %
3000 	2.507E-07 	126.04 % 